Height: 900
Name: NewTrack
Version: 0.500000
Width: 1500

FinishLine: 0
IsLooped: 1
Node0_X: 782.000000
Node0_Y: 670.000000
Node10_X: 1103.000000
Node10_Y: 583.000000
Node11_X: 1168.000000
Node11_Y: 488.000000
Node12_X: 1238.000000
Node12_Y: 391.000000
Node13_X: 1381.000000
Node13_Y: 331.000000
Node14_X: 1315.000000
Node14_Y: 221.000000
Node15_X: 994.000000
Node15_Y: 323.000000
Node16_X: 935.000000
Node16_Y: 411.000000
Node17_X: 856.000000
Node17_Y: 499.000000
Node18_X: 724.000000
Node18_Y: 465.000000
Node19_X: 562.000000
Node19_Y: 373.000000
Node1_X: 886.000000
Node1_Y: 735.000000
Node20_X: 239.000000
Node20_Y: 137.000000
Node21_X: 136.000000
Node21_Y: 117.000000
Node22_X: 94.000000
Node22_Y: 229.000000
Node23_X: 86.000000
Node23_Y: 469.000000
Node24_X: 116.000000
Node24_Y: 641.000000
Node25_X: 65.000000
Node25_Y: 716.000000
Node26_X: 35.000000
Node26_Y: 784.000000
Node27_X: 140.000000
Node27_Y: 856.000000
Node28_X: 215.000000
Node28_Y: 848.000000
Node29_X: 242.000000
Node29_Y: 754.000000
Node2_X: 1012.000000
Node2_Y: 784.000000
Node30_X: 204.000000
Node30_Y: 482.000000
Node31_X: 266.000000
Node31_Y: 425.000000
Node32_X: 358.000000
Node32_Y: 439.000000
Node33_X: 410.000000
Node33_Y: 493.000000
Node34_X: 406.000000
Node34_Y: 567.000000
Node35_X: 455.000000
Node35_Y: 653.000000
Node36_X: 524.000000
Node36_Y: 704.000000
Node37_X: 602.000000
Node37_Y: 684.000000
Node38_X: 695.000000
Node38_Y: 657.000000
Node39_X: "-400.000000"
Node39_Y: 0.000000
Node3_X: 1117.000000
Node3_Y: 775.000000
Node40_X: "-400.000000"
Node40_Y: 0.000000
Node41_X: "-400.000000"
Node41_Y: 0.000000
Node42_X: "-400.000000"
Node42_Y: 0.000000
Node43_X: "-400.000000"
Node43_Y: 0.000000
Node44_X: "-400.000000"
Node44_Y: 0.000000
Node45_X: "-400.000000"
Node45_Y: 0.000000
Node46_X: "-400.000000"
Node46_Y: 0.000000
Node47_X: "-400.000000"
Node47_Y: 0.000000
Node48_X: "-400.000000"
Node48_Y: 0.000000
Node4_X: 1299.000000
Node4_Y: 763.000000
Node5_X: 1389.000000
Node5_Y: 707.000000
Node6_X: 1390.000000
Node6_Y: 616.000000
Node7_X: 1361.000000
Node7_Y: 539.000000
Node8_X: 1262.000000
Node8_Y: 567.000000
Node9_X: 1176.000000
Node9_Y: 614.000000
NumNodes: 39
Sector1: 1
Sector2: 2
Sector3: 3
StartLine: 23
TrackWidth: 30.000000

BackgroundColour: 255
GridSize: 32766
ImagePath: NewTrack.png
Optimise: 0
TrackEdgeColour: 1077952767
